0.82764182443
0.279552705237
0.166439380181
0.306651980974
0.261487914332
0.237336208665
0.250607649961
0.313384922117
0.281841766307
0.326373469868
0.190930008714
0.461571796644
0.307164954073
0.300441224427
0.37566922652
0.464610637404
0.488753536009
0.550081409409
0.646700371523
0.424714667427
0.574657860358
0.392261097549
0.307177973276
0.349500611918
0.167937528709
0.338298499507
0.232187100362
0.308445674832
0.282289474521
0.179691793529
0.610415525938
0.585232909891
0.163371353806
0.386639064293
0.335490619424
0.234578264174
0.361955555633
0.441742118765
0.46205504372
0.507214047675
0.401041149405
0.679528575371
0.708162931843
0.375725815156
0.449069520177
0.337159614187
0.230496267032
0.359140258544
0.279143902125
0.387493899611
0.368214064512
0.536447056261
0.280988994008
0.415128411509
0.195941816667
0.485198384213
0.337310061856
0.314011668588
0.404520130081
0.367581920659
0.526925284411
0.491380662904
0.683870995537
0.414674541515
0.579152805906
0.250492446162
0.300546757025
0.33088762422
0.172205666018
0.325648436107
0.371994716039
0.310612188236
0.387528271479
0.198482430414
0.630031991655
0.599673681055
0.341349195322
0.465056644468
0.38971435522
0.285792567914
0.426582953389
0.438916604908
0.499519298432
0.529450022802
0.515273975724
0.638075302048
0.727355210772
0.374757393697
0.465056644468
0.38971435522
0.285792567914
0.426582953389
0.438916604908
0.499519298432
0.529450022802
0.515273975724
0.638075302048
0.727355210772
0.374757393697
0.230185145921
0.243363122271
0.0980171948336
0.24570812179
0.441632108557
0.265897230419
0.410952284731
0.0973323072557
0.23224994256
0.172616387787
0.379135720228
0.230185145921
0.243363122271
0.0980171948336
0.24570812179
0.441632108557
0.265897230419
0.410952284731
0.0973323072557
0.23224994256
0.172616387787
0.379135720228
0.230185145921
0.243363122271
0.0980171948336
0.24570812179
0.441632108557
0.265897230419
0.410952284731
0.0973323072557
0.23224994256
0.172616387787
0.379135720228
0.176184493563
0.250333162862
0.300011021516
0.332737180383
0.103882126278
0.22523657375
0.195318364268
0.277946068462
0.364544588632
0.414177452158
0.130823281819
0.333790363827
0.598935048326
0.18702033301
0.562361243492
0.293867698031
0.220668256674
0.322572826998
0.347204690997
0.285043225078
0.364723657427
0.398066326615
0.176184493563
0.250333162862
0.300011021516
0.332737180383
0.103882126278
0.22523657375
0.195318364268
0.277946068462
0.364544588632
0.414177452158
0.130823281819
0.333790363827
0.598935048326
0.18702033301
0.562361243492
0.293867698031
0.220668256674
0.322572826998
0.347204690997
0.285043225078
0.364723657427
0.398066326615
0.28451538814
0.509169443872
0.294458257357
0.540938154638
0.228430134024
0.257491217531
0.29847561184
0.391833799026
0.401783646856
0.492146752615
0.327576004584
0.637537006087
0.27661755279
0.27661755279
0.27661755279
0.268814322781
0.237643161186
0.430147520522
0.285880519142
0.440809983924
0.440809983924
0.103339758844
0.439909992302
0.330598846754
0.330598846754
0.330598846754
0.452477936427
0.307579588127
0.47085050749
0.316262318184
0.472661016636
0.472661016636
0.191506529681
0.458578693332
0.748104099824
0.748104099824
0.748104099824
0.269243487806
0.320527671495
0.379104952779
0.55636883811
0.522660304042
0.522660304042
0.0535159609135
0.510345898105
0.675340629941
0.675340629941
0.675340629941
0.453463606039
0.383259327186
0.467749168688
0.479124353655
0.552605917333
0.552605917333
0.176127567348
0.404081000656
0.311366291425
0.311366291425
0.311366291425
0.30479394866
0.236727101069
0.414576195137
0.371136274781
0.449055721594
0.449055721594
0.0783441530797
0.415851473625
0.369549125908
0.369549125908
0.369549125908
0.315201435465
0.304338232887
0.480418580281
0.39043160781
0.505838907975
0.505838907975
0.0809445033556
0.490077428707
0.679061444757
0.679061444757
0.679061444757
0.438461365728
0.337599615471
0.394159073002
0.467583741098
0.500139059871
0.500139059871
0.186850307594
0.545085170854
0.676185876575
0.676185876575
0.676185876575
0.478092301837
0.381048645783
0.525154568603
0.520414080404
0.608233102931
0.608233102931
0.171900003966
0.545085170854
0.676185876575
0.676185876575
0.676185876575
0.478092301837
0.381048645783
0.525154568603
0.520414080404
0.608233102931
0.608233102931
0.171900003966
0.299232982641
0.170824587275
0.170824587275
0.170824587275
0.557860524584
0.342909458977
0.385481991868
0.204763075853
0.367079516759
0.367079516759
0.211354178641
0.299232982641
0.170824587275
0.170824587275
0.170824587275
0.557860524584
0.342909458977
0.385481991868
0.204763075853
0.367079516759
0.367079516759
0.211354178641
0.299232982641
0.170824587275
0.170824587275
0.170824587275
0.557860524584
0.342909458977
0.385481991868
0.204763075853
0.367079516759
0.367079516759
0.211354178641
0.156513824243
0.326169200862
0.326169200862
0.326169200862
0.214754499321
0.186271995176
0.399460264299
0.366125414613
0.449688483839
0.449688483839
0.193668350482
0.399816317768
0.378585602541
0.378585602541
0.378585602541
0.410423447663
0.327686526274
0.317808836182
0.46104561616
0.424248217514
0.424248217514
0.0870362201511
0.156513824243
0.326169200862
0.326169200862
0.326169200862
0.214754499321
0.186271995176
0.399460264299
0.366125414613
0.449688483839
0.449688483839
0.193668350482
0.399816317768
0.378585602541
0.378585602541
0.378585602541
0.410423447663
0.327686526274
0.317808836182
0.46104561616
0.424248217514
0.424248217514
0.0870362201511
0.319634038631
0.438467797646
0.438467797646
0.438467797646
0.372523717248
0.319056346289
0.406892498901
0.49274458351
0.509367621563
0.509367621563
0.212860774721
0.595549929685
0.635193454313
0.18025811193
0.289193837465
0.289193837465
0.289193837465
0.109262614478
0.0685188499497
0.241995410336
0.241995410336
0.158882464072
0.31044607323
0.329745758438
0.31044607323
0.329745758438
0.405101823357
0.405101823357
0.158814809601
0.396967337653
0.193244998031
0.207661471965
0.346138672531
0.346138672531
0.346138672531
0.0264943407089
0.342927158832
0.215176743953
0.215176743953
0.197393009951
0.351928152174
0.42276239179
0.351928152174
0.42276239179
0.463489772897
0.463489772897
0.233659082899
0.291326596185
0.234343999651
0.36209490665
0.330885384335
0.330885384335
0.330885384335
0.264883369938
-0.00584985980907
0.757609890057
0.757609890057
0.268727100974
0.282049403966
0.551258899575
0.282049403966
0.551258899575
0.527030456625
0.527030456625
0.249696729838
0.410088607482
0.314141915209
0.308217902239
0.345910341787
0.345910341787
0.345910341787
0.178789137283
0.219641547509
0.669081482405
0.669081482405
0.291726493048
0.352908566463
0.608874702003
0.352908566463
0.608874702003
0.596094461289
0.596094461289
0.315624742285
0.302253529441
0.0909183287653
0.21978792228
0.337460635204
0.337460635204
0.337460635204
0.081353926749
0.165776978684
0.145429566326
0.145429566326
0.137746166974
0.303728392493
0.340540644584
0.303728392493
0.340540644584
0.384123579771
0.384123579771
0.153697310704
0.382313369529
0.192254994355
0.242990237743
0.418096592532
0.418096592532
0.418096592532
0.108840493161
0.201253429186
0.228969576896
0.228969576896
0.189723841113
0.369433452774
0.495846698855
0.369433452774
0.495846698855
0.516853223571
0.516853223571
0.230428428373
0.326911966178
0.237783297786
0.312888283626
0.27208663228
0.27208663228
0.27208663228
0.161727905416
0.185188731702
0.705053912385
0.705053912385
0.284254208385
0.291409485764
0.495531757909
0.291409485764
0.495531757909
0.497609625902
0.497609625902
0.269811073352
0.431254038401
0.250741566552
0.307621182753
0.389461498769
0.389461498769
0.389461498769
0.189036293906
0.226674248101
0.600745198166
0.600745198166
0.282886748213
0.409200057796
0.569673396252
0.409200057796
0.569673396252
0.606093374988
0.606093374988
0.314541033846
0.431254038401
0.250741566552
0.307621182753
0.389461498769
0.389461498769
0.389461498769
0.189036293906
0.226674248101
0.600745198166
0.600745198166
0.282886748213
0.409200057796
0.569673396252
0.409200057796
0.569673396252
0.606093374988
0.606093374988
0.314541033846
0.137631436544
0.23742750196
0.0885660595081
0.252117235107
0.252117235107
0.252117235107
0.0673972752271
0.210588073192
0.140542768583
0.140542768583
0.136296880952
0.248060975273
0.246282521608
0.248060975273
0.246282521608
0.291898318853
0.291898318853
0.109276848585
0.137631436544
0.23742750196
0.0885660595081
0.252117235107
0.252117235107
0.252117235107
0.0673972752271
0.210588073192
0.140542768583
0.140542768583
0.136296880952
0.248060975273
0.246282521608
0.248060975273
0.246282521608
0.291898318853
0.291898318853
0.109276848585
0.137631436544
0.23742750196
0.0885660595081
0.252117235107
0.252117235107
0.252117235107
0.0673972752271
0.210588073192
0.140542768583
0.140542768583
0.136296880952
0.248060975273
0.246282521608
0.248060975273
0.246282521608
0.291898318853
0.291898318853
0.109276848585
0.118080328275
0.117883558988
0.0849134833073
0.265439863792
0.265439863792
0.265439863792
0.782668910668
0.0349098291642
0.278959805111
0.278959805111
0.114956928951
0.271331158473
0.400747827817
0.271331158473
0.400747827817
0.404677097502
0.404677097502
0.19668273329
0.227452969517
0.207425426067
0.44623645349
0.234272947251
0.234272947251
0.234272947251
0.033872499487
0.474265172958
0.247534225727
0.247534225727
0.23356097801
0.268797192407
0.36686619954
0.268797192407
0.36686619954
0.391007859947
0.391007859947
0.094957651594
0.118080328275
0.117883558988
0.0849134833073
0.265439863792
0.265439863792
0.265439863792
0.782668910668
0.0349098291642
0.278959805111
0.278959805111
0.114956928951
0.271331158473
0.400747827817
0.271331158473
0.400747827817
0.404677097502
0.404677097502
0.19668273329
0.227452969517
0.207425426067
0.44623645349
0.234272947251
0.234272947251
0.234272947251
0.033872499487
0.474265172958
0.247534225727
0.247534225727
0.23356097801
0.268797192407
0.36686619954
0.268797192407
0.36686619954
0.391007859947
0.391007859947
0.094957651594
0.199818185837
0.186015345122
0.293166645798
0.307119508362
0.307119508362
0.307119508362
0.624297674025
0.33873727364
0.326664420057
0.326664420057
0.21042577845
0.330818545386
0.471699878433
0.330818545386
0.471699878433
0.491117939821
0.491117939821
0.163525417879
0.730561639927
0.253946120232
0.253946120232
0.253946120232
0.215474788505
0.235976776253
0.386236397588
0.350676803636
0.431373057639
0.431373057639
0.136153849152
0.261829035219
0.262911019967
0.262911019967
0.262911019967
0.220595142705
0.416122798562
0.256028219489
0.551299951801
0.43072224718
0.43072224718
-0.0588158439507
0.087640534394
0.191069791714
0.191069791714
0.191069791714
0.249650254875
0.169129222672
0.239066292502
0.218655969399
0.280753305178
0.280753305178
0.0369813726767
0.241841165562
0.272904739574
0.272904739574
0.272904739574
0.292320064498
0.409393929706
0.308167851739
0.543775463453
0.46874989419
0.46874989419
-0.0369455892863
0.294986853891
0.330641347828
0.330641347828
0.330641347828
0.61013370339
0.543166468266
0.421560504065
0.130558688352
0.366006086687
0.366006086687
0.139765545064
0.292298972046
0.27131648864
0.27131648864
0.27131648864
0.319067146854
0.416060050496
0.451839342651
0.244053595441
0.426268182869
0.426268182869
0.186921522997
0.290925004689
0.309579452224
0.309579452224
0.309579452224
0.54113032506
0.511684146344
0.46810024578
0.235882769398
0.441773216795
0.441773216795
0.233314425656
0.261087252937
0.134365165856
0.134365165856
0.134365165856
0.15963687597
0.315722711845
0.358912674262
0.380039281592
0.422166161583
0.422166161583
-0.0544007578436
0.376224900925
0.573912007055
0.573912007055
0.573912007055
0.318700644219
0.383582832305
0.457267777827
0.337714888493
0.493028299102
0.493028299102
0.085116767034
0.379738261619
0.52657198066
0.52657198066
0.52657198066
0.279385912688
0.417025839218
0.465256568771
0.44291960712
0.544200240806
0.544200240806
0.0365136984454
0.224036133928
0.212529390789
0.212529390789
0.212529390789
0.56341979189
0.487886458382
0.351727189537
0.151858455169
0.335386542843
0.335386542843
0.106587097858
0.702279293317
0.469866947152
0.250722295372
0.222287978005
0.222287978005
0.222287978005
0.0773745989488
0.0877527883467
0.212224410777
0.212224410777
0.232540973715
0.256081020771
0.281852213243
0.256081020771
0.281852213243
0.335664176593
0.335664176593
0.129990302883
0.20508827396
0.149433662336
0.286531522133
0.335130772294
0.335130772294
0.335130772294
0.227756948325
0.11166891053
0.194534551109
0.194534551109
0.23359345316
0.201628889294
0.226043923969
0.201628889294
0.226043923969
0.273488386557
0.273488386557
0.248521784107
0.0824344177955
0.195513971081
0.104692469689
0.054390733074
0.054390733074
0.054390733074
0.187652676252
0.135313372164
0.142985515879
0.142985515879
0.271401410512
0.294464750847
0.220102862589
0.294464750847
0.220102862589
0.329508381984
0.329508381984
0.11885264319
0.201916896581
0.224832288574
0.274638920111
0.280075853286
0.280075853286
0.280075853286
0.270597325961
0.166421577156
0.194364203578
0.194364203578
0.324313488767
0.305956073694
0.27496385933
0.305956073694
0.27496385933
0.372455512879
0.372455512879
0.253530975464
0.164381031814
0.390964361631
-0.0491256427912
0.267521018
0.267521018
0.267521018
0.00784328258963
0.425015513993
0.23978607214
0.23978607214
0.123108681006
0.245348804126
0.336515837909
0.245348804126
0.336515837909
0.339328769705
0.339328769705
0.0990520684149
0.31194871628
0.331424410446
0.193157370058
0.427239853316
0.427239853316
0.427239853316
0.122710816269
0.278280272859
0.225713917723
0.225713917723
0.192690382878
0.468154956364
0.352440338342
0.468154956364
0.352440338342
0.515991287018
0.515991287018
0.141309929691
0.271328767109
0.353634037333
0.0964617222109
0.335093971714
0.335093971714
0.335093971714
0.103491186464
0.42986644185
0.230957343071
0.230957343071
0.228689717933
0.395076482124
0.334671552805
0.395076482124
0.334671552805
0.45431490569
0.45431490569
0.0976870964119
0.242078557111
0.190682958856
0.206202956743
0.310229402647
0.310229402647
0.310229402647
0.150540349452
0.274186504189
0.03080924726
0.03080924726
0.253760224408
0.288074257577
0.350609786565
0.288074257577
0.350609786565
0.371994207675
0.371994207675
0.242929269686
0.219855680752
0.237652502782
0.124507271861
0.345074307506
0.345074307506
0.345074307506
0.221689343371
0.0353075110986
0.54085983493
0.54085983493
0.164657929892
0.333790204832
0.669492883378
0.333790204832
0.669492883378
0.601721297746
0.601721297746
0.474746631461
0.264136265915
0.232491706061
0.178918210558
0.368606212129
0.368606212129
0.368606212129
0.289403618141
0.119294985813
0.449529287493
0.449529287493
0.270619822928
0.381832673755
0.60824248584
0.381832673755
0.60824248584
0.601609064279
0.601609064279
0.494643727061
0.179737566371
0.219996517245
0.0936508346269
0.163950121623
0.163950121623
0.163950121623
0.0802039380048
0.375765711745
0.125366888458
0.125366888458
0.090850301433
0.168041348275
0.178633857874
0.168041348275
0.178633857874
0.194157036701
0.194157036701
0.152810873267
0.704510652071
0.524848125429
0.254118729833
0.352537568054
0.352537568054
0.352537568054
0.0174528104791
0.129536291998
0.298265879091
0.298265879091
0.293740805489
0.242526165209
0.461094245058
0.242526165209
0.461094245058
0.438999563132
0.438999563132
0.168413824312
0.151755988515
0.215585147671
0.0522389826205
0.238589384402
0.238589384402
0.238589384402
0.27594797607
0.0780313152714
0.78008624819
0.78008624819
0.192674477201
0.273315864692
0.456606621327
0.273315864692
0.456606621327
0.46521656139
0.46521656139
0.340635461665
0.151755988515
0.215585147671
0.0522389826205
0.238589384402
0.238589384402
0.238589384402
0.27594797607
0.0780313152714
0.78008624819
0.78008624819
0.192674477201
0.273315864692
0.456606621327
0.273315864692
0.456606621327
0.46521656139
0.46521656139
0.340635461665
0.151755988515
0.215585147671
0.0522389826205
0.238589384402
0.238589384402
0.238589384402
0.27594797607
0.0780313152714
0.78008624819
0.78008624819
0.192674477201
0.273315864692
0.456606621327
0.273315864692
0.456606621327
0.46521656139
0.46521656139
0.340635461665
0.194558075825
0.31603343873
-0.00529561629633
0.15760884557
0.15760884557
0.15760884557
0.0524249433101
0.319689163786
0.249575924469
0.249575924469
0.129116185083
0.296015495845
0.251983191623
0.296015495845
0.251983191623
0.338965934742
0.338965934742
0.113865616209
0.248858692316
0.383267344488
0.121748969716
0.34298061973
0.34298061973
0.34298061973
0.209802817108
0.334918794809
0.284132333978
0.284132333978
0.153684486519
0.22336457907
0.308481182225
0.22336457907
0.308481182225
0.327354091915
0.327354091915
0.146930180188
0.214748086794
0.355783332191
0.210320726239
0.271039971901
0.271039971901
0.271039971901
0.0678372175703
0.087675603304
0.335326965881
0.335326965881
0.135099011729
0.475208924101
0.416438865254
0.475208924101
0.416438865254
0.533030913647
0.533030913647
0.264877712759
0.331877307766
0.141513059173
0.407309682234
0.283644911716
0.283644911716
0.283644911716
0.225633970304
0.0157256215558
0.305872276233
0.305872276233
0.382558767158
0.270903629363
0.55204441957
0.270903629363
0.55204441957
0.501590291041
0.501590291041
0.228816245294
0.299698822746
0.312689690894
0.324366841004
0.312547734558
0.312547734558
0.312547734558
0.164688323095
0.0656001466327
0.391350031887
0.391350031887
0.275367166751
0.46276572977
0.538849144303
0.46276572977
0.538849144303
0.605087177707
0.605087177707
0.302578576776
0.299698822746
0.312689690894
0.324366841004
0.312547734558
0.312547734558
0.312547734558
0.164688323095
0.0656001466327
0.391350031887
0.391350031887
0.275367166751
0.46276572977
0.538849144303
0.46276572977
0.538849144303
0.605087177707
0.605087177707
0.302578576776
0.257699048978
0.0654839687059
0.0115045314928
0.158471433196
0.158471433196
0.158471433196
0.203508993251
0.331837770839
0.195403107936
0.195403107936
0.0151511033624
0.0349474759147
0.109220941594
0.0349474759147
0.109220941594
0.10019266856
0.10019266856
-0.0759887370679
